./data/5820554de4b0ced31a7fd174.jpg 80 1430 980 2330 1 1980 1410 2880 2310 2 240 4510 1140 5410 3 1880 4510 2780 5410 4 940 7000 1480 7540 5 1550 6990 2110 7550 6 
./data/58205570e4b0bb347e7dec70.jpg 340 1890 1160 2710 1 1830 1830 2650 2650 2 670 4690 1390 5410 3 1650 4640 2370 5380 4 1010 7050 1510 7550 5 1540 7070 2040 7570 6 
./data/582055c0e4b0ced31a7fd17e.jpg 0 1290 960 2270 1 1820 1310 2720 2210 2 350 4480 1250 5380 3 1500 4550 2360 5410 4 780 7400 1360 7980 5 1420 7410 1960 7950 6 
./data/582055fbe4b0ced31a7fd180.jpg 410 1300 1170 2060 1 2060 1240 2880 2060 2 680 4110 1440 4870 3 1830 4070 2590 4830 4 1060 6750 1540 7230 5 1660 6720 2140 7200 6 
./data/58205636e4b0ced31a7fd182.jpg 310 1180 1190 2060 1 1930 1170 2770 2010 2 650 4170 1390 4910 3 1790 4170 2570 4950 4 1100 6780 1580 7260 5 1630 6800 2110 7280 6 
./data/58205657e4b0bb347e7dec82.jpg 40 370 1020 1350 1 1900 340 2860 1300 2 440 3800 1280 4640 3 1580 3810 2460 4670 4 950 6760 1490 7300 5 1490 6760 2050 7320 6 
./data/5820567be4b0ced31a7fd188.jpg 200 1140 1040 1980 1 1870 1160 2710 2020 2 340 3970 1120 4750 3 1920 4000 2680 4760 4 870 6650 1370 7150 5 1560 6630 2080 7150 6 
./data/582056d1e4b0ced31a7fd18c.jpg 380 1200 1180 2000 1 1990 1190 2770 1970 2 590 3920 1390 4720 3 1880 3900 2680 4700 4 920 6510 1440 7030 5 1840 6480 2360 7000 6 
./data/582056efe4b0bb347e7dec8c.jpg 400 1010 1220 1830 1 2110 1010 2930 1850 2 640 4030 1460 4850 3 1840 4040 2680 4880 4 1010 6820 1530 7340 5 1800 6840 2320 7360 6 
./data/58205711e4b0ced31a7fd18e.jpg 150 1450 1010 2310 1 1840 1430 2660 2250 2 530 4170 1290 4930 3 1640 4160 2400 4920 4 950 6720 1450 7220 5 1550 6720 2070 7240 6 
./data/58205747e4b0ced31a7fd190.jpg 190 850 1010 1670 1 1810 910 2650 1750 2 510 3600 1310 4400 3 1840 3610 2600 4370 4 990 6060 1490 6560 5 1550 6070 2070 6590 6 
./data/5820576fe4b0bb347e7dec98.jpg 180 1030 1080 1930 1 1870 1010 2750 1970 2 490 4210 1370 5090 3 1630 4260 2490 5120 4 870 7180 1490 7800 5 1530 7140 2130 7740 6 
./data/5820579de4b0bb347e7dec9e.jpg 210 1330 1050 2170 1 1870 1350 2690 2170 2 480 4300 1320 5140 3 1540 4330 2380 5170 4 770 7010 1350 7590 5 1490 7000 2070 7580 6 
./data/582057ece4b0ced31a7fd19a.jpg 450 190 1230 950 1 2000 250 2780 1030 2 140 3040 920 3820 3 1950 3080 2750 3880 4 750 5630 1270 6150 5 1420 5620 1920 6120 6 
./data/5820580be4b0bb347e7deca8.jpg 400 330 1260 1190 1 1870 280 2710 1120 2 610 3280 1410 4080 3 1720 3280 2520 4080 4 990 5880 1490 6380 5 1530 5900 2010 6380 6 
./data/582058dae4b0ced31a7fd1cd.jpg 300 1060 1100 1860 1 1920 1020 2720 1820 2 410 3800 1210 4600 3 1750 3770 2650 4610 4 790 6250 1330 6790 5 1660 6210 2260 6810 6 
./data/5822da41e4b0bb347e7e22f5.jpg 250 980 1150 1880 1 2090 970 2930 1810 2 650 4140 1450 4980 3 1740 4160 2580 5000 4 990 7030 1550 7590 5 1630 7020 2210 7600 6 
./data/5822dc04e4b0ced31a800ea3.jpg 160 1260 1060 2160 1 1950 1200 2850 2100 2 540 4800 1420 5680 3 1570 4780 2470 5680 4 860 7950 1420 8510 5 1520 7970 2040 8490 6 
./data/58280164e4b09c50220b8adb.jpg 180 430 1080 1330 1 1890 390 2730 1230 2 610 3640 1350 4380 3 1700 3650 2440 4390 4 930 6500 1450 7020 5 1450 6490 1990 7030 6 
./data/5828028fe4b09c50220b8c5c.jpg 250 860 1210 1820 1 2020 800 2940 1800 2 570 3950 1490 4870 3 1690 3870 2650 4850 4 1020 6690 1580 7250 5 1600 6660 2160 7220 6 
./data/582a46eae4b0d38e504ee535.jpg 250 950 1210 1910 1 2040 920 3000 1900 2 540 4260 1380 5100 3 1890 4240 2730 5080 4 970 7190 1510 7730 5 1810 7190 2370 7750 6 
./data/582a6885e4b09c50220bca80.jpg 0 1300 1020 2320 1 1930 1280 3010 2360 2 500 5210 1500 6210 3 1590 5220 2570 6200 4 880 8850 1460 9430 5 1530 8830 2110 9410 6 
./data/582a68fee4b09c50220bca8a.jpg 270 620 1170 1520 1 1830 690 2610 1550 2 610 3530 1390 4330 3 1600 3630 2360 4370 4 1020 6330 1560 6870 5 1570 6370 2090 6890 6 
./data/582a692ce4b0d38e504ee783.jpg 110 1250 1150 2290 1 2080 1190 3040 2230 2 410 4830 1390 5830 3 1660 4820 2540 5760 4 840 8180 1440 8780 5 1560 8190 2160 8790 6 
./data/582a6960e4b0d38e504ee784.jpg 190 1580 1050 2440 1 1850 1570 2690 2410 2 500 4620 1280 5400 3 1660 4630 2420 5370 4 920 7430 1420 7930 5 1560 7410 2060 7910 6 
./data/582a69b8e4b09c50220bcaa0.jpg 450 180 1230 1020 1 2020 210 2760 990 2 730 3150 1470 3890 3 1730 3190 2450 3910 4 1020 5780 1520 6280 5 1560 5780 2060 6280 6 
./data/582a69dce4b0d38e504ee791.jpg 180 920 1100 1840 1 1960 930 2820 1790 2 280 3940 1080 4740 3 1870 3940 2670 4740 4 870 6730 1390 7250 5 1480 6680 2020 7220 6 
./data/582c0edde4b09c50220bfccc.jpg 130 1370 1030 2270 1 1970 1390 2870 2290 2 560 4720 1340 5500 3 1720 4760 2480 5520 4 960 7640 1460 8140 5 1550 7620 2090 8160 6 
./data/582ebaa1e4b09c50220c3127.jpg 380 920 1140 1740 1 1940 920 2720 1740 2 690 3830 1450 4590 3 1590 3810 2350 4590 4 1020 6470 1480 6930 5 1580 6430 2080 6930 6 
./data/582f59f8e4b0d38e504f76c1.jpg 120 960 1040 1880 1 1750 980 2630 1860 2 330 4240 1130 5040 3 1660 4220 2460 5020 4 510 7170 1050 7710 5 1730 7180 2270 7720 6 
./data/582f5a21e4b0d38e504f76c5.jpg 320 1030 1220 1930 1 2100 1040 2960 1900 2 380 3960 1180 4760 3 2030 4020 2790 4780 4 730 6710 1230 7210 5 1970 6710 2490 7230 6 
./data/582f5a4ee4b09c50220c5e79.jpg 270 930 1090 1750 1 1930 900 2730 1700 2 550 3840 1270 4560 3 1700 3790 2440 4550 4 840 6470 1340 6970 5 1680 6440 2180 6940 6 
./data/582f5a77e4b0d38e504f76cc.jpg 150 1010 990 1850 1 1810 980 2630 1800 2 430 4000 1210 4780 3 1710 3950 2510 4750 4 510 6850 1070 7410 5 1820 6860 2340 7380 6 
./data/58357206e4b042e1aed136bd.jpg 360 2120 1220 2980 1 2080 2100 2920 2940 2 540 4960 1280 5700 3 1950 4950 2670 5670 4 800 7610 1320 8130 5 1920 7590 2440 8110 6 
./data/58357246e4b00e515bd80f1c.jpg 120 2500 960 3380 1 1760 2510 2580 3370 2 380 5500 1160 6280 3 1560 5490 2360 6290 4 800 8230 1280 8710 5 1470 8270 1970 8770 6 
./data/583b713fe4b00e515bd87bab.jpg 150 780 1110 1740 1 1940 800 2880 1740 2 310 3950 1190 4830 3 1670 3980 2530 4840 4 800 6870 1360 7430 5 1400 6870 1960 7430 6 
./data/583b716be4b042e1aed1a74b.jpg 0 1240 1000 2240 1 1940 1180 2920 2160 2 180 4780 1080 5680 3 1810 4760 2710 5660 4 740 7810 1320 8390 5 1510 7800 2130 8420 6 
./data/583b7348e4b00e515bd87c5e.jpg 80 1190 1040 2150 1 1910 1110 2850 2050 2 70 4610 990 5530 3 1680 4540 2540 5420 4 670 7400 1270 8000 5 1380 7370 1960 7950 6 
./data/583b73b0e4b042e1aed1a840.jpg 160 1390 1160 2390 1 2000 1410 2960 2370 2 490 4850 1390 5750 3 1750 4840 2650 5740 4 960 7820 1540 8420 5 1650 7840 2210 8400 6 
./data/583b73dfe4b042e1aed1a842.jpg 600 810 1280 1490 1 1740 840 2360 1460 2 660 3300 1280 3940 3 1650 3250 2290 3890 4 780 5430 1240 5890 5 1650 5410 2110 5870 6 
./data/583b7414e4b042e1aed1a859.jpg 160 420 1160 1420 1 1870 410 2830 1370 2 570 3670 1430 4530 3 1580 3620 2440 4480 4 990 6580 1530 7120 5 1540 6530 2080 7070 6 
./data/583b7441e4b042e1aed1a865.jpg 250 1020 1150 1920 1 2100 1010 3000 1910 2 590 4280 1390 5080 3 1890 4220 2650 5000 4 1090 7140 1610 7660 5 1680 7130 2200 7630 6 
./data/583db3d6e4b03446fbff7626.jpg 240 1150 1100 2010 1 1890 1160 2690 1980 2 380 3880 1180 4660 3 1720 3890 2480 4670 4 720 6410 1220 6910 5 1510 6420 2010 6920 6 
./data/58410e84e4b041b86e365c52.jpg 180 960 1080 1860 1 1910 800 2670 1700 2 570 4150 1450 5030 3 1730 3790 2530 4690 4 1070 6880 1630 7440 5 1640 6870 2180 7410 6 
./data/58411240e4b041b86e365fb1.jpg 280 1200 1180 2100 1 2050 1190 2950 2090 2 460 4270 1320 5130 3 1940 4260 2780 5100 4 1060 7120 1580 7640 5 1710 7100 2250 7640 6 
./data/584225ffe4b0daa551af086e.jpg 210 1060 1110 1960 1 1890 1070 2790 1970 2 550 4210 1350 5010 3 1640 4190 2440 4990 4 880 7070 1420 7610 5 1440 7100 2000 7660 6 
./data/5845c3fae4b041b86e36cef1.jpg 50 120 1010 1080 1 1950 90 2870 1130 2 210 3610 1090 4490 3 1800 3580 2700 4480 4 850 6450 1430 7030 5 1460 6450 2040 7030 6 
./data/5845c42ce4b041b86e36cefa.jpg 270 140 1050 940 1 1900 180 2700 980 2 270 3160 1010 3900 3 1890 3120 2630 3860 4 890 5670 1390 6170 5 1490 5680 1990 6180 6 
./data/5845c478e4b041b86e36cf04.jpg 360 360 1260 1260 1 2030 340 2890 1240 2 300 3630 1200 4530 3 1780 3630 2640 4530 4 900 6520 1440 7060 5 1500 6450 2060 7010 6 
./data/58478fd6e4b0d0a94daa0a4e.jpg 150 1440 1050 2340 1 1940 1420 2840 2320 2 80 4390 940 5250 3 1760 4360 2620 5220 4 730 7230 1290 7790 5 1340 7120 2000 7780 6 
./data/58479006e4b0d0a94daa0a53.jpg 150 1400 950 2200 1 1870 1370 2690 2190 2 530 4580 1290 5360 3 1570 4560 2350 5340 4 850 7430 1370 7950 5 1380 7430 1900 7950 6 
./data/5849e0c1e4b09abc507eef42.jpg 180 440 1160 1420 1 1870 350 2850 1330 2 580 3650 1460 4530 3 1670 3630 2510 4470 4 960 6480 1500 7020 5 1520 6430 2080 6990 6 
./data/5849e0e0e4b00639904d78bd.jpg 460 1300 1320 2140 1 2050 1310 2890 2150 2 570 4470 1350 5250 3 1870 4470 2630 5270 4 980 7290 1500 7810 5 1660 7300 2180 7820 6 
./data/5849e105e4b09abc507eef48.jpg 390 1320 1210 2140 1 1900 1340 2680 2120 2 300 4190 1040 4930 3 1790 4230 2490 4990 4 500 6850 1020 7370 5 1660 6830 2180 7370 6 
./data/5849e2bde4b00639904d7a62.jpg 300 1340 1200 2240 1 2040 1400 2940 2300 2 870 4680 1650 5500 3 1740 4690 2540 5490 4 1110 7760 1650 8300 5 1670 7760 2210 8300 6 
./data/5849e93de4b00639904d808d.jpg -10 1240 890 2140 1 1770 1260 2710 2200 2 230 4490 1070 5330 3 1560 4530 2400 5370 4 680 7550 1220 8090 5 1300 7530 1840 8070 6 
./data/584b446fe4b00639904daff6.jpg 200 1320 1100 2220 1 1980 1340 2840 2200 2 420 4480 1260 5320 3 1790 4470 2610 5290 4 940 7350 1480 7890 5 1530 7330 2070 7870 6 
./data/584dea86e4b00639904dd7f8.jpg 170 440 990 1260 1 1950 440 2750 1240 2 520 3530 1260 4270 3 1690 3520 2470 4300 4 880 6240 1400 6760 5 1510 6260 2010 6760 6 
./data/584ec03ae4b0d9d0a0e6640a.jpg 180 480 1100 1400 1 1920 450 2860 1390 2 450 3540 1270 4360 3 1820 3550 2620 4350 4 930 6230 1430 6730 5 1540 6200 2060 6720 6 
./data/584ec082e4b0d9d0a0e66413.jpg 70 40 1030 1020 1 1930 40 2890 1020 2 200 3260 1020 4080 3 1780 3260 2580 4060 4 840 6040 1380 6580 5 1500 6000 2020 6520 6 
./data/584ec0a0e4b0d9d0a0e66418.jpg 90 630 1030 1570 1 1950 630 2850 1530 2 510 3870 1270 4630 3 1810 3900 2610 4700 4 930 6620 1450 7140 5 1540 6600 2100 7160 6 
./data/584ec0c5e4b0093cbcb06185.jpg 120 740 1020 1640 1 1920 680 2820 1580 2 500 3870 1340 4710 3 1650 3850 2450 4650 4 910 6770 1450 7310 5 1600 6750 2140 7290 6 
./data/5850501ae4b0d73807b66382.jpg 170 1550 1190 2570 1 1880 1480 2880 2500 2 180 4880 1140 5860 3 1660 4850 2600 5830 4 670 7980 1250 8560 5 1380 7970 1980 8570 6 
./data/58525782e4b0d73807b6a876.jpg 100 680 1020 1600 1 1890 610 2830 1570 2 380 3940 1240 4820 3 1740 3970 2600 4830 4 880 6940 1420 7480 5 1610 6920 2150 7460 6 
./data/58558106e4b0051937194dde.jpg 220 1170 1120 2070 1 1950 1130 2850 2030 2 490 4280 1390 5180 3 1650 4280 2550 5180 4 890 7180 1490 7780 5 1580 7200 2140 7760 6 
./data/58581e6ee4b005193719746c.jpg 90 1450 1030 2390 1 1980 1400 2920 2340 2 430 4550 1190 5330 3 1670 4560 2470 5340 4 880 7420 1420 7960 5 1480 7440 2020 7980 6 
./data/585d6fcde4b00519371a21b0.jpg 300 730 1200 1630 1 1920 710 2820 1610 2 630 3740 1450 4560 3 1670 3740 2470 4540 4 1040 6500 1560 7020 5 1560 6470 2080 6990 6 
./data/585d7029e4b00519371a21b9.jpg 250 560 1150 1460 1 2090 530 2990 1430 2 520 3740 1420 4640 3 1800 3760 2640 4600 4 940 6630 1500 7190 5 1670 6640 2210 7180 6 
./data/585d704de4b00519371a21be.jpg 10 240 970 1200 1 1860 180 2800 1120 2 580 3490 1360 4270 3 1560 3460 2380 4280 4 950 6510 1490 7050 5 1610 6500 2190 7080 6 
./data/585d706ce4b0d73807b7d104.jpg 300 1000 1180 1880 1 1940 1000 2820 1880 2 510 4320 1410 5220 3 1690 4380 2570 5260 4 930 7520 1510 8100 5 1490 7540 2070 8120 6 
./data/585d7093e4b0d73807b7d106.jpg 20 1030 980 1990 1 1920 990 2900 1970 2 390 4090 1190 4890 3 1770 4060 2590 4880 4 900 6990 1440 7530 5 1600 7000 2140 7540 6 
./data/585d70bbe4b0d73807b7d10a.jpg 250 530 1030 1310 1 1840 560 2600 1320 2 540 3540 1320 4320 3 1480 3580 2260 4360 4 900 6220 1400 6720 5 1490 6190 2010 6710 6 
./data/585d70dde4b00519371a21ca.jpg 20 570 1020 1570 1 1780 500 2780 1500 2 470 4240 1330 5100 3 1620 4200 2460 5040 4 840 7540 1380 8080 5 1480 7500 2080 8100 6 
./data/585d712ee4b0d73807b7d116.jpg 50 140 990 1080 1 1870 110 2830 1070 2 360 3340 1180 4160 3 1700 3310 2540 4150 4 880 6050 1420 6590 5 1560 6050 2100 6590 6 
./data/5862f663e4b04486062551ba.jpg 380 430 1200 1250 1 1970 370 2770 1170 2 740 3430 1420 4110 3 1870 3370 2610 4110 4 1140 6100 1600 6560 5 1750 6080 2230 6560 6 
./data/5862f6b6e4b04486062551c9.jpg 80 1260 1100 2280 1 1960 1200 2900 2260 2 400 4880 1340 5820 3 1700 4840 2660 5800 4 640 8250 1240 8850 5 1690 8290 2270 8870 6 
./data/5862f6f4e4b04486062551cb.jpg 110 820 1110 1820 1 1960 830 2920 1850 2 570 4500 1490 5420 3 1650 4480 2590 5420 4 880 7910 1500 8530 5 1550 7920 2150 8540 6 
./data/5862f72ee4b04486062551d2.jpg 70 1050 1050 2030 1 1890 950 2870 1930 2 410 4340 1250 5180 3 1610 4330 2430 5170 4 810 7400 1370 7960 5 1440 7390 1980 7930 6 
./data/58668e85e4b04d5c3d00b60a.jpg 30 1300 930 2200 1 1800 1260 2700 2160 2 400 4490 1200 5290 3 1460 4420 2260 5220 4 680 7260 1200 7780 5 1460 7260 2020 7800 6 
./data/58668f1de4b062d91d9b6986.jpg 330 630 1150 1450 1 1960 620 2740 1400 2 530 3350 1270 4090 3 1830 3360 2570 4120 4 870 5890 1390 6410 5 1670 5900 2190 6420 6 
./data/586d645de4b007ede9aa18c9.jpg 370 1260 1170 2060 1 1960 1200 2740 1980 2 730 4250 1450 4970 3 1640 4220 2340 4940 4 980 6920 1440 7380 5 1540 6890 2020 7370 6 
./data/586d64b7e4b007ede9aa18d6.jpg 200 680 1100 1580 1 2020 670 2920 1570 2 590 3940 1430 4780 3 1830 3970 2650 4790 4 1020 6890 1520 7390 5 1660 6890 2180 7410 6 
./data/586d64f6e4b007ede9aa18e3.jpg 200 820 1100 1720 1 1990 800 2890 1700 2 510 4080 1290 4860 3 1670 4060 2470 4860 4 940 7030 1480 7570 5 1500 7030 2040 7570 6 
./data/586d651ae4b03dd56062f9bd.jpg 150 660 1050 1560 1 1960 610 2880 1530 2 240 3710 1060 4530 3 1880 3640 2760 4520 4 950 6310 1470 6830 5 1530 6310 2090 6870 6 
./data/5873f1ece4b089a3821d7ad0.jpg 210 380 1010 1180 1 1920 360 2720 1220 2 150 3310 970 4130 3 1840 3360 2640 4160 4 830 5950 1330 6450 5 1460 5880 2000 6400 6 
./data/5873f20fe4b0f4d78905c34f.jpg 270 630 1110 1470 1 1990 590 2710 1410 2 560 3540 1320 4300 3 1710 3500 2450 4240 4 980 6210 1480 6710 5 1530 6200 2010 6680 6 
./data/5873f231e4b0f4d78905c354.jpg 210 540 1170 1500 1 1890 410 2850 1370 2 30 3510 870 4350 3 2090 3480 2950 4340 4 800 6050 1360 6610 5 1460 6070 2020 6630 6 
./data/5873f29be4b089a3821d7ae2.jpg 140 140 1060 1060 1 1990 190 2870 1130 2 230 3260 1110 4140 3 2010 3250 2870 4130 4 660 5930 1240 6510 5 1730 5890 2250 6410 6 
./data/58750fc6e4b0b581dd53e4e7.jpg 290 1250 1250 2210 1 1950 1640 2750 2440 2 700 4100 1560 4960 3 1650 4320 2450 5120 4 1180 6840 1700 7360 5 1720 6840 2260 7380 6 
./data/58751076e4b0b581dd53e4fe.jpg 120 740 1020 1640 1 1910 740 2810 1640 2 330 3780 1130 4580 3 1920 3750 2740 4570 4 760 6420 1340 7000 5 1610 6410 2150 6970 6 
./data/587510a0e4b0af9caf14c946.jpg 300 1130 1260 2090 1 2060 1190 3000 2130 2 700 4270 1500 5070 3 1720 4290 2540 5110 4 1060 7280 1560 7780 5 1670 7260 2190 7780 6 
./data/58751110e4b0b581dd53e510.jpg 150 1370 1010 2230 1 1800 1300 2700 2200 2 300 4420 1080 5200 3 1720 4330 2520 5130 4 840 7140 1380 7680 5 1580 7140 2100 7660 6 
./data/58751147e4b0b581dd53e515.jpg 150 1360 1110 2340 1 1860 1290 2840 2270 2 380 4500 1280 5400 3 1630 4490 2530 5390 4 860 7350 1420 7910 5 1580 7360 2120 7900 6 
./data/5875117ee4b0b581dd53e51b.jpg 70 640 930 1500 1 1740 660 2580 1500 2 530 3410 1290 4170 3 1510 3360 2290 4160 4 870 5950 1390 6470 5 1450 5950 1950 6450 6 
./data/5875119ce4b0af9caf14c95c.jpg 90 1400 1130 2440 1 1960 1400 2940 2380 2 430 4920 1450 5940 3 1600 4930 2580 5910 4 810 8010 1430 8630 5 1510 8030 2130 8650 6 
./data/58751220e4b0af9caf14c973.jpg 70 1050 930 1910 1 1850 1020 2710 1880 2 440 4330 1200 5090 3 1610 4290 2410 5090 4 860 7110 1380 7630 5 1470 7130 1990 7650 6 
./data/58853463e4b07e76e01a7489.jpg 90 1190 1030 2130 1 1880 1060 2860 2040 2 340 4430 1160 5250 3 1690 4370 2510 5190 4 970 7270 1470 7790 5 1530 7250 2070 7790 6 
./data/588534ebe4b0bd4bbc9d5f4a.jpg 120 1350 1020 2250 1 1900 1230 2800 2130 2 320 4470 1160 5310 3 1700 4460 2520 5280 4 780 7270 1340 7830 5 1420 7280 1960 7820 6 
./data/58866c92e4b0c8de05349d71.jpg 340 1860 1220 2740 1 2010 1870 2830 2690 2 590 4870 1330 5610 3 1800 4860 2540 5600 4 1050 7680 1530 8160 5 1630 7690 2090 8150 6 
./data/58866cf8e4b0c8de05349d7a.jpg 260 760 1120 1620 1 1990 760 2810 1580 2 440 3550 1200 4310 3 1810 3500 2570 4260 4 920 6100 1420 6600 5 1530 6070 2050 6590 6 
